macierzAA 
1.000000 2.000000 4.000000 
2.000000 5.000000 6.000000 
1.000000 7.000000 30.000000 
macierzB 
2.000000 2.000000 2.000000 
2.000000 3.000000 6.000000 
1.000000 4.000000 5.000000 
wektorV 
1.000000 
2.000000 
3.000000 
liczbaC 
5.000000 
Transpozycja 
1.000000 2.000000 1.000000 
2.000000 5.000000 7.000000 
4.000000 6.000000 30.000000 
Dodawanie 
3.000000 4.000000 6.000000 
4.000000 8.000000 12.000000 
2.000000 11.000000 35.000000 
Odejmowanie 
-1.000000 0.000000 2.000000 
0.000000 2.000000 0.000000 
0.000000 3.000000 25.000000 
Mnożenie 
10.000000 24.000000 34.000000 
20.000000 43.000000 64.000000 
46.000000 143.000000 194.000000 
WektorMacierz 
17.000000 
30.000000 
105.000000 
MacierzLiczba 
5.000000 10.000000 20.000000 
10.000000 25.000000 30.000000 
5.000000 35.000000 150.000000 
